1944
1917
1917
1905
1925
1918
1914
1938
1958
1934
1904
1962
1958
1944
1968
1968
1962
1969
1940
1970
1923
1968
1995
1974
1975
1992
1961
2007
1940
1944
1954
2001
1998
1984
1957
1981
1967
1940
1940
1944
1944
1944
1945
1957
1999
2004
1945
2004
1919
1912
1919
1918
1914
1919
1945
1914
1918
1914
1918
1933
1923
1919
1919
1922
1925
1932
1933
1934
1945
1945
1945
1939
1941
1943
1948
1945
1945
1963
1951
1945
1989
1989
1957
1991
1974
1998
2005
1998
2009
1971
1970
1956
1952
1950
1966
1961
1966
1948
1954
1952
1918
1917
1945
1923
1939
1946
1968
1950
1952
1964
1995
1928
1923
1951
1949
1948
1948
1948
1947
1937
1947
1947
1948
1948
1949
1970
1956
1967
1967
1973
1977
1967
1972
1974
1973
1990
1976
1981
1983
1979
1993
1991
1993
1994
2002
2006
2011
1910
1922
1918
1905
1908
1916
1923
1937
1927
1916
1920
1914
1926
1952
1957
1985
1998
2007
2005
1945
1931
1956
1922
1951
2011
1916
1914
1914
2010
1916
2008
1935
1955
1943
1944
1960
1997
1997
1947
2005
1944
1981
1972
1979
1997
1992
2007
1984
