1942
1917
1917
1905
1924
1916
1914
1938
1952
1934
1904
1958
1958
1944
1968
1968
1962
1964
1940
1967
1923
1968
1988
1972
1965
1992
1961
2001
1940
1944
1954
2001
1998
1984
1957
1978
1967
1940
1940
1944
1944
1944
1945
1957
1999
2004
1945
2003
1919
1912
1919
1916
1914
1917
1942
1914
1916
1914
1918
1926
1923
1919
1917
1922
1925
1932
1933
1934
1941
1942
1942
1939
1941
1943
1947
1945
1945
1956
1951
1945
1980
1989
1950
1990
1972
1990
2002
1998
2009
1961
1970
1952
1952
1947
1965
1957
1962
1948
1951
1952
1916
1917
1942
1922
1939
1946
1968
1950
1951
1963
1993
1926
1921
1951
1948
1948
1948
1948
1947
1937
1947
1947
1948
1948
1949
1963
1956
1967
1967
1973
1974
1967
1972
1974
1973
1983
1976
1981
1983
1979
1990
1991
1993
1994
2002
2006
2011
1906
1919
1918
1904
1907
1912
1923
1936
1927
1916
1920
1914
1926
1950
1957
1985
1998
2007
2005
1942
1931
1956
1922
1948
2011
1916
1914
1914
2010
1916
2008
1932
1948
1943
1944
1954
1989
1997
1947
2005
1944
1981
1972
1979
1997
1992
2002
1984
