1940
1917
1917
1905
1923
1914
1914
1938
1946
1934
1904
1954
1958
1944
1968
1968
1962
1959
1940
1963
1923
1968
1981
1969
1955
1992
1961
1995
1940
1944
1954
2001
1998
1984
1957
1974
1967
1940
1940
1944
1944
1944
1945
1957
1999
2004
1944
2002
1918
1912
1919
1914
1914
1914
1939
1914
1914
1914
1918
1919
1923
1918
1914
1922
1925
1932
1933
1934
1936
1939
1939
1939
1941
1942
1945
1945
1945
1949
1951
1944
1971
1989
1942
1988
1969
1982
1998
1998
2009
1950
1970
1947
1952
1944
1963
1953
1958
1948
1948
1952
1914
1917
1939
1920
1939
1946
1968
1949
1950
1961
1990
1924
1919
1950
1947
1947
1948
1948
1947
1936
1947
1947
1948
1948
1949
1956
1956
1967
1967
1973
1971
1967
1972
1974
1973
1975
1976
1981
1982
1979
1987
1990
1993
1994
2002
2006
2011
1901
1916
1918
1902
1905
1908
1922
1935
1927
1916
1920
1914
1926
1948
1957
1984
1998
2007
2005
1939
1931
1956
1921
1945
2011
1915
1914
1914
2010
1916
2008
1929
1940
1943
1944
1948
1981
1997
1947
2005
1944
1981
1972
1978
1997
1992
1997
1984
